14 296 159 95 18 200 166 282 14 253 197 205 264 1 211
13 168 134 92 267 96 217 271 170 114 139 265 145 297
17 34 110 4 299 210 74 113 29 40 185 209 90 201 155 154 97 77
13 108 148 56 60 79 53 32 27 76 287 194 84 169
15 85 80 62 150 156 243 22 190 70 248 266 71 229 94 257
17 275 8 246 276 290 187 245 174 50 89 199 31 55 142 30 233 151
19 87 72 203 58 15 226 277 128 146 254 207 73 42 118 98 223 182 43 208
18 41 88 259 273 19 188 214 64 268 191 235 35 78 280 17 251 272 2
13 184 103 24 13 171 44 224 111 23 124 255 292 247
14 164 7 286 133 225 63 244 11 119 112 152 262 240 49
16 249 162 260 285 129 91 102 202 158 160 131 45 106 66 120 186
18 99 75 220 218 263 261 284 258 237 147 283 16 196 141 206 37 153 175
15 212 294 137 144 213 281 157 236 10 181 12 215 123 173 132
10 161 38 232 172 121 117 195 83 231 293
13 127 198 239 295 177 48 101 291 20 51 104 47 135
9 136 227 125 21 230 204 82 86 163
10 193 107 57 241 122 26 109 6 81 219
10 105 39 28 222 68 298 269 25 238 289
6 3 61 140 138 126 183
2 93 5
3 242 176 143
5 250 100 69 9 274
3 115 59 46
1 67
2 192 288
3 228 189 165
6 252 279 270 178 52 130
1 256
2 278 149
1 216
1 167
2 0 116
1 180
1 54
0
0
0
0
0
0
0
0
0
0
0
0
0
0
0
0
0
0
0
0
0
0
0
0
0
0
0
0
0
0
0
0
0
0
0
0
0
0
0
0
0
0
0
0
0
0
0
0
0
0
0
0
0
0
0
0
0
0
0
0
0
0
0
0
0
0